random_numbers <- c( 0.2883475, 0.4089769, 0.8830175 ,0.5706998, 0.3329115, 0.2519897 ,0.9005089 ,0.3790737 ,0.5047260, 0.8135167)
alpha <- 0.05 